%YAML:1.0
---
rvec: !!opencv-matrix
   rows: 3
   cols: 1
   dt: d
   data: [ 1.1858301938654379e+00, -1.2303411811129887e+00,
       1.2341756341644117e+00 ]
tvec: !!opencv-matrix
   rows: 3
   cols: 1
   dt: d
   data: [ 2.7310754187675806e-01, 3.7366847590457157e-02,
       6.4954968740994379e-02 ]
