%YAML:1.0
---
rvec: !!opencv-matrix
   rows: 3
   cols: 1
   dt: d
   data: [ 1.1610788153475911e+00, -1.1912863704629615e+00,
       1.2352072789010966e+00 ]
tvec: !!opencv-matrix
   rows: 3
   cols: 1
   dt: d
   data: [ 2.2557010054361865e-01, -5.2146283349326791e-02,
       -6.6710193711524146e-02 ]
