%YAML:1.0
---
transform: [ 2.7310754187675806e-01, 3.7366847590457157e-02,
    6.4954968740994379e-02 ]
euler_angle: [ 3.8875573039452811e-03, -5.1524048726295113e-01,
    5.1538191476271067e-01 ]
%YAML:1.0
---
transform: [ 2.7310754126785902e-01, 3.7366847885892229e-02,
    6.4954968618484987e-02 ]
euler_angle: [ 3.1351028372323198e+00, -7.8813696251163701e-01,
    -7.8384230086819240e-01 ]
