%YAML:1.0
---
transform: [ 2.2557010054361865e-01, -5.2146283349326791e-02,
    -6.6710193711524146e-02 ]
euler_angle: [ 2.3597330427375089e+00, -1.5488069669715252e+00,
    -7.8246226125021467e-01 ]
